1.0;0.0;0.0;1.0
1.0;0.0;0.0;1.0
1.0;0.0;0.0;1.0
1.0;0.0;0.0;1.0
1.0;0.0;0.0;1.0
1.0;0.0;0.0;1.0
1.0;0.0;0.0;1.0
1.0;0.0;0.0;1.0
1.0;0.0;0.0;1.0
1.0;0.0;0.0;1.0
1.0;0.0;0.0;1.0
1.0;0.0;0.0;1.0
1.0;0.0;0.0;1.0
1.0;0.0;0.0;1.0
1.0;0.0;0.0;1.0
1.0;0.0;0.0;1.0
1.0;0.0;0.0;1.0
1.0;0.0;0.0;1.0
1.0;0.0;0.0;1.0
1.0;0.0;0.0;1.0
1.0;0.0;0.0;1.0
1.0;0.0;0.0;1.0
1.0;0.0;0.0;1.0
1.0;0.0;0.0;1.0
1.0;0.0;0.0;1.0
1.0;0.0;0.0;1.0
1.0;0.0;0.0;1.0
1.0;0.0;0.0;1.0
1.0;0.0;0.0;1.0
1.0;0.0;0.0;1.0
1.0;0.0;0.0;1.0
1.0;0.0;0.0;1.0
1.0;0.0;0.0;1.0
1.0;0.0;0.0;1.0
1.0;0.0;0.0;1.0
1.0;0.0;0.0;1.0
0.365384615385;0.634615384615;0.634615384615;0.365384615385
0.365384615385;0.634615384615;0.634615384615;0.365384615385
0.365384615385;0.634615384615;0.634615384615;0.365384615385
0.365384615385;0.634615384615;0.634615384615;0.365384615385
1.0;0.0;0.0;1.0
1.0;0.0;0.0;1.0
1.0;0.0;0.0;1.0
1.0;0.0;0.0;1.0
1.0;0.0;0.0;1.0
1.0;0.0;0.0;1.0
1.0;0.0;0.0;1.0
1.0;0.0;0.0;1.0
1.0;0.0;0.0;1.0
1.0;0.0;0.0;1.0
1.0;0.0;0.0;1.0
1.0;0.0;0.0;1.0
1.0;0.0;0.0;1.0
1.0;0.0;0.0;1.0
1.0;0.0;0.0;1.0
1.0;0.0;0.0;1.0
1.0;0.0;0.0;1.0
1.0;0.0;0.0;1.0
1.0;0.0;0.0;1.0
1.0;0.0;0.0;1.0
1.0;0.0;0.0;1.0
1.0;0.0;0.0;1.0
1.0;0.0;0.0;1.0
1.0;0.0;0.0;1.0
1.0;0.0;0.0;1.0
1.0;0.0;0.0;1.0
1.0;0.0;0.0;1.0
1.0;0.0;0.0;1.0
1.0;0.0;0.0;1.0
1.0;0.0;0.0;1.0
1.0;0.0;0.0;1.0
1.0;0.0;0.0;1.0
1.0;0.0;0.0;1.0
1.0;0.0;0.0;1.0
1.0;0.0;0.0;1.0
1.0;0.0;0.0;1.0
0.75;0.25;0.25;0.75
0.75;0.25;0.25;0.75
0.75;0.25;0.25;0.75
0.75;0.25;0.25;0.75
0.423076923077;0.576923076923;0.576923076923;0.423076923077
0.423076923077;0.576923076923;0.576923076923;0.423076923077
0.423076923077;0.576923076923;0.576923076923;0.423076923077
0.423076923077;0.576923076923;0.576923076923;0.423076923077
0.442307692308;0.557692307692;0.557692307692;0.442307692308
0.442307692308;0.557692307692;0.557692307692;0.442307692308
0.442307692308;0.557692307692;0.557692307692;0.442307692308
0.442307692308;0.557692307692;0.557692307692;0.442307692308
0.461538461538;0.538461538462;0.538461538462;0.461538461538
0.461538461538;0.538461538462;0.538461538462;0.461538461538
0.461538461538;0.538461538462;0.538461538462;0.461538461538
0.461538461538;0.538461538462;0.538461538462;0.461538461538
0.634615384615;0.365384615385;0.365384615385;0.634615384615
0.634615384615;0.365384615385;0.365384615385;0.634615384615
0.634615384615;0.365384615385;0.365384615385;0.634615384615
0.634615384615;0.365384615385;0.365384615385;0.634615384615
0.480769230769;0.519230769231;0.519230769231;0.480769230769
0.480769230769;0.519230769231;0.519230769231;0.480769230769
0.480769230769;0.519230769231;0.519230769231;0.480769230769
0.480769230769;0.519230769231;0.519230769231;0.480769230769
0.442307692308;0.557692307692;0.557692307692;0.442307692308
0.442307692308;0.557692307692;0.557692307692;0.442307692308
0.442307692308;0.557692307692;0.557692307692;0.442307692308
0.442307692308;0.557692307692;0.557692307692;0.442307692308
0.5;0.5;0.5;0.5
0.5;0.5;0.5;0.5
0.5;0.5;0.5;0.5
0.5;0.5;0.5;0.5
0.557692307692;0.442307692308;0.442307692308;0.557692307692
0.557692307692;0.442307692308;0.442307692308;0.557692307692
0.557692307692;0.442307692308;0.442307692308;0.557692307692
0.557692307692;0.442307692308;0.442307692308;0.557692307692
0.442307692308;0.557692307692;0.557692307692;0.442307692308
0.442307692308;0.557692307692;0.557692307692;0.442307692308
0.442307692308;0.557692307692;0.557692307692;0.442307692308
0.442307692308;0.557692307692;0.557692307692;0.442307692308
0.5;0.5;0.5;0.5
0.5;0.5;0.5;0.5
0.5;0.5;0.5;0.5
0.5;0.5;0.5;0.5
0.557692307692;0.442307692308;0.442307692308;0.557692307692
0.557692307692;0.442307692308;0.442307692308;0.557692307692
0.557692307692;0.442307692308;0.442307692308;0.557692307692
0.557692307692;0.442307692308;0.442307692308;0.557692307692
0.5;0.5;0.5;0.5
0.5;0.5;0.5;0.5
0.5;0.5;0.5;0.5
0.5;0.5;0.5;0.5
0.5;0.5;0.5;0.5
0.5;0.5;0.5;0.5
0.5;0.5;0.5;0.5
0.5;0.5;0.5;0.5
0.403846153846;0.596153846154;0.596153846154;0.403846153846
0.403846153846;0.596153846154;0.596153846154;0.403846153846
0.403846153846;0.596153846154;0.596153846154;0.403846153846
0.403846153846;0.596153846154;0.596153846154;0.403846153846
0.403846153846;0.596153846154;0.596153846154;0.403846153846
0.403846153846;0.596153846154;0.596153846154;0.403846153846
0.403846153846;0.596153846154;0.596153846154;0.403846153846
0.403846153846;0.596153846154;0.596153846154;0.403846153846
0.403846153846;0.596153846154;0.596153846154;0.403846153846
0.403846153846;0.596153846154;0.596153846154;0.403846153846
0.403846153846;0.596153846154;0.596153846154;0.403846153846
0.403846153846;0.596153846154;0.596153846154;0.403846153846
0.403846153846;0.596153846154;0.596153846154;0.403846153846
0.403846153846;0.596153846154;0.596153846154;0.403846153846
0.403846153846;0.596153846154;0.596153846154;0.403846153846
0.403846153846;0.596153846154;0.596153846154;0.403846153846
0.403846153846;0.596153846154;0.596153846154;0.403846153846
0.403846153846;0.596153846154;0.596153846154;0.403846153846