1.0;0.0;0.0;1.0
1.0;0.0;0.0;1.0
1.0;0.0;0.0;1.0
1.0;0.0;0.0;1.0
1.0;0.0;0.0;1.0
1.0;0.0;0.0;1.0
1.0;0.0;0.0;1.0
1.0;0.0;0.0;1.0
1.0;0.0;0.0;1.0
1.0;0.0;0.0;1.0
1.0;0.0;0.0;1.0
1.0;0.0;0.0;1.0
1.0;0.0;0.0;1.0
1.0;0.0;0.0;1.0
1.0;0.0;0.0;1.0
1.0;0.0;0.0;1.0
1.0;0.0;0.0;1.0
1.0;0.0;0.0;1.0
1.0;0.0;0.0;1.0
1.0;0.0;0.0;1.0
1.0;0.0;0.0;1.0
1.0;0.0;0.0;1.0
1.0;0.0;0.0;1.0
1.0;0.0;0.0;1.0
1.0;0.0;0.0;1.0
1.0;0.0;0.0;1.0
1.0;0.0;0.0;1.0
1.0;0.0;0.0;1.0
1.0;0.0;0.0;1.0
1.0;0.0;0.0;1.0
1.0;0.0;0.0;1.0
1.0;0.0;0.0;1.0
1.0;0.0;0.0;1.0
1.0;0.0;0.0;1.0
1.0;0.0;0.0;1.0
1.0;0.0;0.0;1.0
0.365384615385;0.634615384615;0.634615384615;0.365384615385
0.365384615385;0.634615384615;0.634615384615;0.365384615385
0.365384615385;0.634615384615;0.634615384615;0.365384615385
0.365384615385;0.634615384615;0.634615384615;0.365384615385
1.0;0.0;0.0;1.0
1.0;0.0;0.0;1.0
1.0;0.0;0.0;1.0
1.0;0.0;0.0;1.0
1.0;0.0;0.0;1.0
1.0;0.0;0.0;1.0
1.0;0.0;0.0;1.0
1.0;0.0;0.0;1.0
1.0;0.0;0.0;1.0
1.0;0.0;0.0;1.0
1.0;0.0;0.0;1.0
1.0;0.0;0.0;1.0
1.0;0.0;0.0;1.0
1.0;0.0;0.0;1.0
1.0;0.0;0.0;1.0
1.0;0.0;0.0;1.0
1.0;0.0;0.0;1.0
1.0;0.0;0.0;1.0
1.0;0.0;0.0;1.0
1.0;0.0;0.0;1.0
1.0;0.0;0.0;1.0
1.0;0.0;0.0;1.0
1.0;0.0;0.0;1.0
1.0;0.0;0.0;1.0
1.0;0.0;0.0;1.0
1.0;0.0;0.0;1.0
1.0;0.0;0.0;1.0
1.0;0.0;0.0;1.0
1.0;0.0;0.0;1.0
1.0;0.0;0.0;1.0
1.0;0.0;0.0;1.0
1.0;0.0;0.0;1.0
0.903846153846;0.0961538461538;0.0961538461538;0.903846153846
0.903846153846;0.0961538461538;0.0961538461538;0.903846153846
0.903846153846;0.0961538461538;0.0961538461538;0.903846153846
0.903846153846;0.0961538461538;0.0961538461538;0.903846153846
0.653846153846;0.346153846154;0.346153846154;0.653846153846
0.653846153846;0.346153846154;0.346153846154;0.653846153846
0.653846153846;0.346153846154;0.346153846154;0.653846153846
0.653846153846;0.346153846154;0.346153846154;0.653846153846
0.480769230769;0.519230769231;0.519230769231;0.480769230769
0.480769230769;0.519230769231;0.519230769231;0.480769230769
0.480769230769;0.519230769231;0.519230769231;0.480769230769
0.480769230769;0.519230769231;0.519230769231;0.480769230769
0.5;0.5;0.5;0.5
0.5;0.5;0.5;0.5
0.5;0.5;0.5;0.5
0.5;0.5;0.5;0.5
0.5;0.5;0.5;0.5
0.5;0.5;0.5;0.5
0.5;0.5;0.5;0.5
0.5;0.5;0.5;0.5
0.5;0.5;0.5;0.5
0.5;0.5;0.5;0.5
0.5;0.5;0.5;0.5
0.5;0.5;0.5;0.5
0.5;0.5;0.5;0.5
0.5;0.5;0.5;0.5
0.5;0.5;0.5;0.5
0.5;0.5;0.5;0.5
0.519230769231;0.480769230769;0.480769230769;0.519230769231
0.519230769231;0.480769230769;0.480769230769;0.519230769231
0.519230769231;0.480769230769;0.480769230769;0.519230769231
0.519230769231;0.480769230769;0.480769230769;0.519230769231
0.480769230769;0.519230769231;0.519230769231;0.480769230769
0.480769230769;0.519230769231;0.519230769231;0.480769230769
0.480769230769;0.519230769231;0.519230769231;0.480769230769
0.480769230769;0.519230769231;0.519230769231;0.480769230769
0.5;0.5;0.5;0.5
0.5;0.5;0.5;0.5
0.5;0.5;0.5;0.5
0.5;0.5;0.5;0.5
0.5;0.5;0.5;0.5
0.5;0.5;0.5;0.5
0.5;0.5;0.5;0.5
0.5;0.5;0.5;0.5
0.519230769231;0.480769230769;0.480769230769;0.519230769231
0.519230769231;0.480769230769;0.480769230769;0.519230769231
0.519230769231;0.480769230769;0.480769230769;0.519230769231
0.519230769231;0.480769230769;0.480769230769;0.519230769231
0.480769230769;0.519230769231;0.519230769231;0.480769230769
0.480769230769;0.519230769231;0.519230769231;0.480769230769
0.480769230769;0.519230769231;0.519230769231;0.480769230769
0.480769230769;0.519230769231;0.519230769231;0.480769230769
0.5;0.5;0.5;0.5
0.5;0.5;0.5;0.5
0.5;0.5;0.5;0.5
0.5;0.5;0.5;0.5
0.5;0.5;0.5;0.5
0.5;0.5;0.5;0.5
0.5;0.5;0.5;0.5
0.5;0.5;0.5;0.5
0.5;0.5;0.5;0.5
0.5;0.5;0.5;0.5
0.5;0.5;0.5;0.5
0.5;0.5;0.5;0.5
0.519230769231;0.480769230769;0.480769230769;0.519230769231
0.519230769231;0.480769230769;0.480769230769;0.519230769231
0.519230769231;0.480769230769;0.480769230769;0.519230769231
0.519230769231;0.480769230769;0.480769230769;0.519230769231
0.519230769231;0.480769230769;0.480769230769;0.519230769231
0.519230769231;0.480769230769;0.480769230769;0.519230769231
0.519230769231;0.480769230769;0.480769230769;0.519230769231
0.519230769231;0.480769230769;0.480769230769;0.519230769231
0.5;0.5;0.5;0.5
0.5;0.5;0.5;0.5
0.5;0.5;0.5;0.5
0.5;0.5;0.5;0.5
0.5;0.5;0.5;0.5
0.5;0.5;0.5;0.5
0.5;0.5;0.5;0.5
0.5;0.5;0.5;0.5
0.5;0.5;0.5;0.5
0.5;0.5;0.5;0.5
0.5;0.5;0.5;0.5
0.5;0.5;0.5;0.5
0.5;0.5;0.5;0.5
0.5;0.5;0.5;0.5
0.519230769231;0.480769230769;0.480769230769;0.519230769231
0.519230769231;0.480769230769;0.480769230769;0.519230769231
0.519230769231;0.480769230769;0.480769230769;0.519230769231
0.519230769231;0.480769230769;0.480769230769;0.519230769231
0.5;0.5;0.5;0.5
0.5;0.5;0.5;0.5
0.5;0.5;0.5;0.5
0.5;0.5;0.5;0.5
0.5;0.5;0.5;0.5
0.5;0.5;0.5;0.5
0.5;0.5;0.5;0.5
0.5;0.5;0.5;0.5
0.5;0.5;0.5;0.5
0.5;0.5;0.5;0.5
0.5;0.5;0.5;0.5
0.5;0.5;0.5;0.5
0.5;0.5;0.5;0.5
0.5;0.5;0.5;0.5
0.5;0.5;0.5;0.5
0.5;0.5;0.5;0.5
0.5;0.5;0.5;0.5
0.5;0.5;0.5;0.5
0.5;0.5;0.5;0.5
0.5;0.5;0.5;0.5
0.5;0.5;0.5;0.5
0.5;0.5;0.5;0.5
0.5;0.5;0.5;0.5
0.5;0.5;0.5;0.5
0.519230769231;0.480769230769;0.480769230769;0.519230769231
0.519230769231;0.480769230769;0.480769230769;0.519230769231
0.519230769231;0.480769230769;0.480769230769;0.519230769231
0.519230769231;0.480769230769;0.480769230769;0.519230769231
0.5;0.5;0.5;0.5
0.5;0.5;0.5;0.5
0.5;0.5;0.5;0.5
0.5;0.5;0.5;0.5
0.5;0.5;0.5;0.5
0.5;0.5;0.5;0.5
0.5;0.5;0.5;0.5
0.5;0.5;0.5;0.5
0.5;0.5;0.5;0.5
0.5;0.5;0.5;0.5
0.5;0.5;0.5;0.5
0.5;0.5;0.5;0.5
